270
513
380
361
794
276
779
927
637
719
232
635
561
356
190
109
470
980
401
325
295
147
567
424
644
90
184
528
60
789
765
611
266
647
309
866
298
868
312
384
157
847
308
772
490
781
977
416
355
72
209
580
879
693
585
517
197
192
653
734
362
125
565
830
530
587
150
233
104
30
526
761
539
404
639
31
349
45
222
678
285
84
878
359
213
376
660
684
960
979
339
666
556
294
586
189
727
535
474
261
575
737
766
595
29
428
178
901
254
366
61
289
952
815
889
21
618
833
447
1
417
231
547
525
169
340
247
399
511
467
865
545
468
290
797
111
7
69
103
665
624
292
559
806
573
238
464
860
880
83
429
706
968
629
654
785
373
831
158
636
230
566
857
916
944
235
591
460
210
689
853
18
738
493
144
407
615
951
217
787
93
67
168
293
2
950
406
536
50
896
136
188
379
630
106
942
171
900
218
923
775
598
966
319
472
933
523
466
14
332
681
953
462
116
596
426
856
730
795
480
614
733
24
280
264
318
10
631
301
137
623
989
324
500
504
91
160
694
605
172
584
834
519
713
491
270
277
969
452
435
291
86
279
922
478
774
700
592
473
387
129
394
338
673
940
199
252
37
97
725
107
